crossing time (s)	slope (V/s)	crossing number
281474976710655.000000	13.010283	4358	0.000000
281474976710655.000000	13.321632	4359	0.000000
281474976710655.000000	16.711044	4360	0.000000
281474976710655.000000	9.707314	4361	0.000000
281474976710655.000000	12.377368	4362	0.000000
281474976710655.000000	11.367743	4363	0.000000
281474976710655.000000	13.993507	4364	0.000000
281474976710655.000000	12.675403	4365	0.000000
281474976710655.000000	15.895744	4366	0.000000
281474976710655.000000	9.854467	4367	0.000000
281474976710655.000000	12.083602	4368	0.000000
281474976710655.000000	12.813721	4369	0.000000
281474976710655.000000	15.820519	4370	0.000000
281474976710655.000000	9.889147	4371	0.000000
281474976710655.000000	13.843496	4372	0.000000
281474976710655.000000	10.902799	4373	0.000000
281474976710655.000000	15.572413	4374	0.000000
281474976710655.000000	9.638630	4375	0.000000
281474976710655.000000	13.644515	4376	0.000000
281474976710655.000000	11.987212	4377	0.000000
281474976710655.000000	14.962856	4378	0.000000
281474976710655.000000	11.170481	4379	0.000000
281474976710655.000000	12.617979	4380	0.000000
281474976710655.000000	11.628389	4381	0.000000
281474976710655.000000	15.764489	4382	0.000000
281474976710655.000000	9.758528	4383	0.000000
281474976710655.000000	13.739186	4384	0.000000
281474976710655.000000	12.621742	4385	0.000000
281474976710655.000000	14.948628	4386	0.000000
281474976710655.000000	10.772791	4387	0.000000
281474976710655.000000	13.192888	4388	0.000000
281474976710655.000000	11.282563	4389	0.000000
281474976710655.000000	15.014332	4390	0.000000
281474976710655.000000	10.073394	4391	0.000000
281474976710655.000000	13.681529	4392	0.000000
281474976710655.000000	12.152810	4393	0.000000
281474976710655.000000	14.462050	4394	0.000000
281474976710655.000000	11.061578	4395	0.000000
281474976710655.000000	13.463502	4396	0.000000
281474976710655.000000	11.328157	4397	0.000000
281474976710655.000000	15.561529	4398	0.000000
281474976710655.000000	9.649371	4399	0.000000
281474976710655.000000	13.649725	4400	0.000000
281474976710655.000000	10.346431	4401	0.000000
281474976710655.000000	14.738753	4402	0.000000
281474976710655.000000	10.636459	4403	0.000000
281474976710655.000000	14.839378	4404	0.000000
281474976710655.000000	10.592936	4405	0.000000
281474976710655.000000	14.588611	4406	0.000000
281474976710655.000000	10.726196	4407	0.000000
281474976710655.000000	14.154012	4408	0.000000
281474976710655.000000	10.771072	4409	0.000000
281474976710655.000000	14.437548	4410	0.000000
281474976710655.000000	9.852498	4411	0.000000
281474976710655.000000	13.757266	4412	0.000000
281474976710655.000000	10.880889	4413	0.000000
281474976710655.000000	15.368531	4414	0.000000
281474976710655.000000	10.467859	4415	0.000000
281474976710655.000000	13.500520	4416	0.000000
281474976710655.000000	11.617950	4417	0.000000
281474976710655.000000	14.252507	4418	0.000000
281474976710655.000000	11.006572	4419	0.000000
281474976710655.000000	13.236243	4420	0.000000
281474976710655.000000	11.010909	4421	0.000000
281474976710655.000000	14.727107	4422	0.000000
281474976710655.000000	10.021488	4423	0.000000
281474976710655.000000	13.521062	4424	0.000000
281474976710655.000000	10.812546	4425	0.000000
281474976710655.000000	13.654257	4426	0.000000
281474976710655.000000	10.720300	4427	0.000000
281474976710655.000000	13.103039	4428	0.000000
281474976710655.000000	11.192334	4429	0.000000
281474976710655.000000	13.321527	4430	0.000000
281474976710655.000000	10.435535	4431	0.000000
281474976710655.000000	14.084215	4432	0.000000
281474976710655.000000	10.559937	4433	0.000000
281474976710655.000000	13.854038	4434	0.000000
281474976710655.000000	10.611526	4435	0.000000
281474976710655.000000	13.764091	4436	0.000000
281474976710655.000000	11.102445	4437	0.000000
281474976710655.000000	13.250516	4438	0.000000
281474976710655.000000	10.839841	4439	0.000000
281474976710655.000000	13.082705	4440	0.000000
281474976710655.000000	10.912615	4441	0.000000
281474976710655.000000	12.808934	4442	0.000000
281474976710655.000000	11.131580	4443	0.000000
281474976710655.000000	13.411210	4444	0.000000
281474976710655.000000	10.839268	4445	0.000000
281474976710655.000000	13.423333	4446	0.000000
281474976710655.000000	10.630691	4447	0.000000
281474976710655.000000	12.673922	4448	0.000000
281474976710655.000000	10.925800	4449	0.000000
281474976710655.000000	13.454916	4450	0.000000
281474976710655.000000	10.718037	4451	0.000000
281474976710655.000000	12.930916	4452	0.000000
281474976710655.000000	11.174553	4453	0.000000
281474976710655.000000	13.157699	4454	0.000000
281474976710655.000000	10.956502	4455	0.000000
281474976710655.000000	12.728803	4456	0.000000
281474976710655.000000	11.001024	4457	0.000000
281474976710655.000000	13.036160	4458	0.000000
281474976710655.000000	10.321095	4459	0.000000
281474976710655.000000	13.478267	4460	0.000000
281474976710655.000000	10.055907	4461	0.000000
281474976710655.000000	13.836542	4462	0.000000
281474976710655.000000	10.550090	4463	0.000000
281474976710655.000000	13.203740	4464	0.000000
281474976710655.000000	11.004365	4465	0.000000
281474976710655.000000	13.130659	4466	0.000000
281474976710655.000000	11.173027	4467	0.000000
281474976710655.000000	13.055733	4468	0.000000
281474976710655.000000	10.620965	4469	0.000000
281474976710655.000000	13.461158	4470	0.000000
281474976710655.000000	10.336516	4471	0.000000
281474976710655.000000	13.734263	4472	0.000000
281474976710655.000000	10.233320	4473	0.000000
281474976710655.000000	13.323410	4474	0.000000
281474976710655.000000	10.551796	4475	0.000000
281474976710655.000000	12.883069	4476	0.000000
281474976710655.000000	10.579686	4477	0.000000
281474976710655.000000	12.358222	4478	0.000000
281474976710655.000000	11.224897	4479	0.000000
281474976710655.000000	12.523964	4480	0.000000
281474976710655.000000	10.786284	4481	0.000000
281474976710655.000000	12.260859	4482	0.000000
281474976710655.000000	10.822440	4483	0.000000
281474976710655.000000	12.814044	4484	0.000000
281474976710655.000000	11.106238	4485	0.000000
281474976710655.000000	12.652688	4486	0.000000
281474976710655.000000	10.689646	4487	0.000000
281474976710655.000000	12.591109	4488	0.000000
281474976710655.000000	10.953411	4489	0.000000
281474976710655.000000	12.432000	4490	0.000000
281474976710655.000000	11.014769	4491	0.000000
281474976710655.000000	12.559285	4492	0.000000
281474976710655.000000	10.791853	4493	0.000000
281474976710655.000000	12.371241	4494	0.000000
281474976710655.000000	10.850352	4495	0.000000
281474976710655.000000	12.539517	4496	0.000000
281474976710655.000000	10.743587	4497	0.000000
281474976710655.000000	13.087849	4498	0.000000
281474976710655.000000	10.580784	4499	0.000000
281474976710655.000000	12.812696	4500	0.000000
281474976710655.000000	10.190257	4501	0.000000
281474976710655.000000	13.199030	4502	0.000000
281474976710655.000000	10.120099	4503	0.000000
281474976710655.000000	12.876070	4504	0.000000
281474976710655.000000	10.528370	4505	0.000000
281474976710655.000000	12.661406	4506	0.000000
281474976710655.000000	10.666101	4507	0.000000
281474976710655.000000	11.895215	4508	0.000000
281474976710655.000000	10.764606	4509	0.000000
281474976710655.000000	12.281744	4510	0.000000
281474976710655.000000	10.698865	4511	0.000000
281474976710655.000000	12.761181	4512	0.000000
281474976710655.000000	10.463609	4513	0.000000
281474976710655.000000	12.602577	4514	0.000000
281474976710655.000000	10.048201	4515	0.000000
281474976710655.000000	12.713901	4516	0.000000
281474976710655.000000	10.184464	4517	0.000000
281474976710655.000000	12.590436	4518	0.000000
281474976710655.000000	10.036455	4519	0.000000
281474976710655.000000	12.468382	4520	0.000000
281474976710655.000000	10.359388	4521	0.000000
281474976710655.000000	12.402617	4522	0.000000
281474976710655.000000	10.509321	4523	0.000000
281474976710655.000000	12.471124	4524	0.000000
281474976710655.000000	10.466492	4525	0.000000
281474976710655.000000	12.331167	4526	0.000000
281474976710655.000000	10.441353	4527	0.000000
281474976710655.000000	12.439140	4528	0.000000
281474976710655.000000	10.545401	4529	0.000000
281474976710655.000000	12.085805	4530	0.000000
281474976710655.000000	10.413849	4531	0.000000
281474976710655.000000	12.293364	4532	0.000000
281474976710655.000000	10.251169	4533	0.000000
281474976710655.000000	12.232416	4534	0.000000
281474976710655.000000	10.156470	4535	0.000000
281474976710655.000000	12.449101	4536	0.000000
281474976710655.000000	9.869444	4537	0.000000
281474976710655.000000	12.383567	4538	0.000000
281474976710655.000000	10.058602	4539	0.000000
281474976710655.000000	12.302286	4540	0.000000
281474976710655.000000	9.907130	4541	0.000000
281474976710655.000000	12.289672	4542	0.000000
281474976710655.000000	10.396647	4543	0.000000
281474976710655.000000	12.288324	4544	0.000000
281474976710655.000000	10.494905	4545	0.000000
281474976710655.000000	11.769171	4546	0.000000
281474976710655.000000	10.671288	4547	0.000000
281474976710655.000000	11.783669	4548	0.000000
281474976710655.000000	10.531462	4549	0.000000
281474976710655.000000	11.694859	4550	0.000000
281474976710655.000000	10.369692	4551	0.000000
281474976710655.000000	12.311518	4552	0.000000
281474976710655.000000	10.110668	4553	0.000000
281474976710655.000000	12.223661	4554	0.000000
281474976710655.000000	9.936654	4555	0.000000
281474976710655.000000	12.103976	4556	0.000000
281474976710655.000000	9.912250	4557	0.000000
281474976710655.000000	12.189586	4558	0.000000
281474976710655.000000	10.173866	4559	0.000000
281474976710655.000000	12.023607	4560	0.000000
281474976710655.000000	10.229856	4561	0.000000
281474976710655.000000	12.272168	4562	0.000000
281474976710655.000000	10.395893	4563	0.000000
281474976710655.000000	11.774688	4564	0.000000
281474976710655.000000	10.254174	4565	0.000000
281474976710655.000000	11.667447	4566	0.000000
281474976710655.000000	10.456770	4567	0.000000
281474976710655.000000	11.463722	4568	0.000000
281474976710655.000000	10.462673	4569	0.000000
281474976710655.000000	11.460246	4570	0.000000
281474976710655.000000	10.413587	4571	0.000000
281474976710655.000000	11.736826	4572	0.000000
281474976710655.000000	10.421390	4573	0.000000
281474976710655.000000	11.456642	4574	0.000000
281474976710655.000000	10.372161	4575	0.000000
281474976710655.000000	11.602197	4576	0.000000
281474976710655.000000	10.231473	4577	0.000000
281474976710655.000000	11.955531	4578	0.000000
281474976710655.000000	10.185452	4579	0.000000
281474976710655.000000	11.793017	4580	0.000000
281474976710655.000000	9.908989	4581	0.000000
281474976710655.000000	11.877327	4582	0.000000
281474976710655.000000	9.970935	4583	0.000000
281474976710655.000000	11.720836	4584	0.000000
281474976710655.000000	9.848240	4585	0.000000
281474976710655.000000	11.631666	4586	0.000000
281474976710655.000000	9.888057	4587	0.000000
281474976710655.000000	11.597410	4588	0.000000
281474976710655.000000	10.171124	4589	0.000000
281474976710655.000000	11.321201	4590	0.000000
281474976710655.000000	10.306665	4591	0.000000
281474976710655.000000	11.182515	4592	0.000000
281474976710655.000000	10.297953	4593	0.000000
281474976710655.000000	11.091382	4594	0.000000
281474976710655.000000	10.217822	4595	0.000000
281474976710655.000000	11.421646	4596	0.000000
281474976710655.000000	10.348219	4597	0.000000
281474976710655.000000	11.386559	4598	0.000000
281474976710655.000000	10.133377	4599	0.000000
281474976710655.000000	11.341903	4600	0.000000
281474976710655.000000	10.137833	4601	0.000000
281474976710655.000000	11.454128	4602	0.000000
281474976710655.000000	9.753482	4603	0.000000
281474976710655.000000	11.452558	4604	0.000000
281474976710655.000000	9.747043	4605	0.000000
281474976710655.000000	11.376406	4606	0.000000
281474976710655.000000	9.684824	4607	0.000000
281474976710655.000000	11.435385	4608	0.000000
281474976710655.000000	9.637140	4609	0.000000
281474976710655.000000	11.431249	4610	0.000000
281474976710655.000000	9.729437	4611	0.000000
281474976710655.000000	11.248257	4612	0.000000
281474976710655.000000	9.821782	4613	0.000000
281474976710655.000000	11.330989	4614	0.000000
281474976710655.000000	9.652614	4615	0.000000
281474976710655.000000	11.158241	4616	0.000000
281474976710655.000000	9.756811	4617	0.000000
281474976710655.000000	11.321031	4618	0.000000
281474976710655.000000	9.994274	4619	0.000000
281474976710655.000000	11.274015	4620	0.000000
281474976710655.000000	10.088997	4621	0.000000
281474976710655.000000	10.954480	4622	0.000000
281474976710655.000000	10.264009	4623	0.000000
281474976710655.000000	10.787294	4624	0.000000
281474976710655.000000	10.315606	4625	0.000000
281474976710655.000000	10.768557	4626	0.000000
281474976710655.000000	10.407164	4627	0.000000
281474976710655.000000	10.855101	4628	0.000000
281474976710655.000000	10.233665	4629	0.000000
281474976710655.000000	11.011708	4630	0.000000
281474976710655.000000	9.953761	4631	0.000000
281474976710655.000000	11.141046	4632	0.000000
281474976710655.000000	9.885818	4633	0.000000
281474976710655.000000	11.046683	4634	0.000000
281474976710655.000000	9.650473	4635	0.000000
281474976710655.000000	11.212033	4636	0.000000
281474976710655.000000	9.750361	4637	0.000000
281474976710655.000000	11.279740	4638	0.000000
281474976710655.000000	9.650988	4639	0.000000
281474976710655.000000	11.179795	4640	0.000000
281474976710655.000000	9.724811	4641	0.000000
281474976710655.000000	11.049513	4642	0.000000
